0.073278
0.070897
0.071489
0.071547
0.071452
0.071616
0.071389
0.071086
0.071364
0.071701
0.072541
0.071229
0.070329
0.071517
0.070131
0.072364
0.070989
0.072605
0.071183
0.070002
0.072001
0.071142
0.070498
0.070772
0.071242
0.071955
0.071834
0.070873
0.070494
0.071680
0.071668
0.071155
0.070337
0.071284
0.070922
0.071226
0.070424
0.070243
0.071479
0.071078
0.070479
0.070719
0.071725
0.070451
0.071871
0.070600
0.070382
0.075055
0.071859
0.071267
0.071918
0.071683
0.070409
0.071098
0.070884
0.071930
0.071411
0.071627
0.071788
0.071969
0.071715
0.071676
0.070505
0.071473
0.070967
0.073197
0.070870
0.071727
0.070644
0.071032
0.071377
0.071204
0.070994
0.071461
0.070705
0.071635
0.073455
0.070243
0.071396
0.070706
0.071213
0.070761
0.071629
0.072254
0.072139
0.071007
0.071673
0.071589
0.071411
0.071622
0.071677
0.071848
0.071961
0.073089
0.071780
0.072084
0.071003
0.070815
0.072351
0.070732
0.071191
0.073317
0.070137
0.070527
0.070287
0.070492
0.217571
0.217476
0.216753
0.216601
0.217197
0.216070
0.216728
0.217230
0.217087
0.216558
0.224556
0.217729
0.217507
0.217861
0.218207
0.216441
0.217005
0.224255
0.217825
0.217680
0.216800
0.216690
0.217431
0.217194
0.217185
0.216699
0.219334
0.217019
0.217119
0.217001
0.225246
0.215799
0.216009
0.216189
0.216883
0.215824
0.218573
0.217495
0.216341
0.217831
0.218030
0.219857
0.216866
0.216252
0.219868
0.216417
0.219261
0.216549
0.222918
0.216040
0.216682
0.217406
0.217081
0.218099
0.216677
0.220749
0.215947
0.215765
0.217174
0.216836
0.216590
0.217036
0.223694
0.236921
0.216959
0.217439
0.225024
0.218304
0.218613
0.218057
0.216521
0.218598
0.216336
0.216652
0.220148
0.218687
0.218254
0.220574
0.221859
0.226307
0.217657
0.215837
0.216238
0.216852
0.216525
0.216784
0.227517
0.223849
0.216855
0.216157
0.216615
0.215412
0.222069
0.215782
0.216129
0.215720
0.216577
0.221459
0.222502
0.219879
0.219423
0.217378
0.216675
0.217746
0.218895
0.216610
0.217882
0.221572
0.218026
0.221398
0.218847
0.218007
0.217291
0.216340
0.217190
0.216199
0.219191
0.215146
0.217202
0.220538
0.220757
0.217648
0.220563
0.223565
0.227934
0.222128
0.222993
0.231309
0.220343
0.219737
0.220776
0.217815
0.226287
0.226995
0.216093
0.220260
0.218548
0.220233
0.221831
0.221373
0.219781
0.228839
0.225200
0.231152
0.224962
0.226019
0.216385
0.220812
0.216250
0.218504
0.217267
0.216093
0.216651
0.219415
0.218844
0.218919
0.220041
0.223975
0.217413
0.215998
0.222949
0.216937
0.219599
0.221624
0.216704
0.216632
0.223587
0.228199
0.226696
0.220692
0.220982
0.221222
0.217600
0.217146
0.228340
0.232711
0.219322
0.222716
0.217067
0.229385
0.221652
0.221749
0.220799
0.222093
0.221860
0.221198
0.221216
0.217251
0.217713
0.221238
0.224478
0.225592
0.224663
0.217896
0.221981
0.224405
0.225992
0.222049
0.228497
0.221808
0.217621
0.218382
0.217159
0.221473
0.217435
0.218208
0.218796
0.217010
0.222797
0.222636
0.223526
0.219237
0.217133
0.217044
0.217494
0.216998
0.217053
0.219311
0.217156
0.223892
0.217344
0.220872
0.218106
0.221848
0.219539
0.218137
0.220817
0.217621
0.217828
0.221913
0.217163
0.221219
0.219080
0.225098
0.216507
0.225671
0.218523
0.217405
0.221354
0.217906
0.220852
0.217073
0.226858
0.217496
0.218131
0.217322
0.217391
0.224277
0.220019
0.218751
0.220267
0.218330
0.224310
0.000232
0.031386
0.031439
0.031492
0.033219
0.031958
0.031886
0.031925
0.031422
0.030995
0.031584
0.031547
0.227051
0.219486
0.227225
0.217505
0.223032
0.220894
0.217300
0.233030
0.217678
0.220792
0.216887
0.219379
0.222981
0.222940
0.236839
0.222567
0.215815
0.215863
0.224244
0.215606
0.216946
0.223083
0.216413
0.222697
0.216139
0.214656
0.225786
0.217505
0.219080
0.211368
0.214330
0.053816
0.055799
0.054047
0.052987
0.054695
0.053852
0.053427
0.053980
0.053428
0.053194
0.053188
0.055284
0.053272
0.053630
0.053322
0.053942
0.053335
0.053732
0.053709
0.053394
0.053702
0.053701
0.053503
0.053601
0.054810
0.053215
0.053915
0.054061
0.053467
0.053366
0.053440
0.054151
0.054516
0.054651
0.054610
0.054236
0.054955
0.054339
0.054892
0.054264
0.054477
0.054716
0.055558
0.054769
0.054419
0.054324
0.054470
0.054603
0.054499
0.054946
0.056056
0.054749
0.054492
0.054338
0.054286
0.053947
0.054353
0.054464
0.054675
0.054239
0.054240
0.054085
0.054980
0.054474
0.054263
0.054185
0.054231
0.054098
0.054220
0.054298
0.054329
0.054538
0.054085
0.054508
0.055505
0.054415
0.054465
0.053889
0.052717
0.054692
0.054727
0.054253
0.055031
0.055258
0.055678
0.056595
0.054110
0.054446
0.054236
0.055000
0.054343
0.054261
0.053895
0.054292
0.054199
0.054026
0.054075
0.054428
0.053801
0.053783
0.053642
0.054146
0.054433
0.054281
0.054346
0.060680
0.059460
0.060298
0.059991
0.059638
0.059626
0.059696
0.060292
0.059865
0.060002
0.059805
0.059932
0.059924
0.060015
0.060374
0.059781
0.059842
0.059933
0.059664
0.060117
0.060859
0.060419
0.061125
0.060695
0.060687
0.055495
0.054353
0.054937
0.054458
0.054462
0.053565
0.056454
0.056751
0.056220
0.056189
0.054589
0.054991
0.055597
0.054919
0.053941
0.053306
0.053794
0.053985
0.054416
0.056579
0.054670
0.054359
0.055055
0.054444
0.053382
0.053788
0.054086
0.053770
0.053596
0.053762
0.054643
0.054562
0.054062
0.055453
0.054997
0.000040
0.000041
0.000039
0.000042
0.000043
0.000040
0.000042
0.000039
0.052115
0.052762
0.053376
0.053993
0.054147
0.054660
0.053990
0.054509
0.053867
0.053893
0.053947
0.053529
0.054847
0.054674
0.054043
0.054188
0.054249
0.054792
0.054748
0.054212
0.056342
0.055415
0.055311
0.055141
0.055162
0.056156
0.055850
0.054481
0.054698
0.054038
0.057500
0.054500
0.054741
0.054829
0.055041
0.054689
0.052531
0.051780
0.054346
0.054545
0.055376
0.054601
0.054884
0.054317
0.054472
0.055162
0.054767
0.054587
0.055199
0.054881
0.054512
0.054375
0.055023
0.054326
0.053400
0.054362
0.054262
0.053856
0.052838
0.054540
0.053509
0.054551
0.054872
0.056357
0.059225
0.056548
0.054884
0.054547
0.054657
0.054151
0.055129
0.054575
0.054268
0.053399
0.054344
0.054898
0.055441
0.054500
0.055310
0.055453
0.055037
0.056381
0.055933
0.055107
0.055069
0.054943
0.056173
0.055270
0.053775
0.053665
0.055038
0.053250
0.055084
0.054643
0.054253
0.053550
0.055143
0.055509
0.061547
0.054846
0.055509
0.054177
0.054851
0.054844
0.054485
0.054400
0.054557
0.054512
0.054306
0.054142
0.062224
0.055505
0.054253
0.054423
0.054356
0.053538
0.054520
0.055780
0.055506
0.055913
0.054748
0.055238
0.054562
0.059338
0.054965
0.053863
0.055286
0.054613
0.053819
0.054228
0.054865
0.054639
0.054082
0.054059
0.054424
0.054361
0.054971
0.055479
0.055188
0.062380
0.054666
0.054227
0.053558
0.054227
0.053889
0.053267
0.053487
0.054097
0.054135
0.054061
0.053495
0.052834
0.060738
0.061588
0.059249
0.060311
0.059949
0.053772
0.053559
0.053738
0.055514
0.054786
0.053494
0.055321
0.055072
0.053918
0.054551
0.055599
0.054902
0.056193
0.056090
0.054474
0.053172
0.053890
0.055153
0.054631
0.053507
0.053750
0.053752
0.052572
0.055421
0.053171
0.053507
0.052896
0.051772
0.051872
0.056246
0.053332
0.053498
0.052802
0.052577
0.052732
0.053174
0.053093
0.051872
0.052605
0.053297
0.053240
0.053402
0.000050
0.000055
0.000060
0.000050
0.000051
0.000063
0.000050
0.000050
0.000050
0.000050
0.000050
0.000051
0.000051
0.000050
0.000050
0.000050
0.000050
0.000062
0.000088
0.000050
0.000049
0.000051
0.000049
0.000050
0.000054
0.000052
0.000050
0.000050
0.000051
0.000050
0.000050
0.000051
0.000051
0.000050
0.000051
0.000063
0.000057
0.000053
0.000050
0.000051
0.000050
0.000049
0.000053
0.000051
0.000051
0.000050
0.000050
0.000052
0.000090
0.000050
0.000050
0.000052
0.000062
0.000050
0.000062
0.000051
0.000053
0.000051
0.000050
0.000050
0.000068
0.000052
0.000063
0.000063
0.000050
0.000054
0.000050
0.000049
0.000062
0.000063
0.000105
0.000052
0.000151
0.000050
0.000050
0.000051
0.000052
0.000051
0.000379
0.000052
0.000049
0.000050
0.000051
0.000051
0.000054
0.000051
0.000065
0.000051
0.000050
0.000051
0.000050
0.000051
0.000052
0.000051
0.000090
0.000050
0.000051
0.000087
0.000051
0.000050
0.000051
0.000071
0.000050
0.000051
0.000052
0.000068
0.000050
0.000050
0.000051
0.000050
0.000269
0.000052
0.000077
0.000050
0.000050
0.067162
0.067317
0.067439
0.067227
0.067230
0.047277
0.048329
0.054892
0.046780
0.046545
0.048127
0.046854
0.047546
0.048117
0.047093
0.048194
0.021123
0.018721
0.018289
0.047151
0.018909
0.019306
0.018752
0.018548
0.018341
0.020286
0.019649
0.018276
0.019722
0.019542
0.020273
0.018762
0.019248
0.018613
0.020391
0.018038
0.019943
0.019032
0.025194
0.019739
0.068285
0.068169
0.068297
0.068221
0.069192
0.068207
0.067319
0.068132
0.067536
0.066891
0.067423
0.066887
0.066875
0.066988
0.067166
0.068776
0.067750
0.090041
0.067710
0.067510
0.067083
0.066968
0.066622
0.067773
0.067435
0.066890
0.067627
0.067389
0.066909
0.067343
0.068039
0.066926
0.067390
0.067273
0.068204
0.067265
0.047004
0.063869
0.063361
0.046583
0.046911
0.063925
0.067494
0.067293
0.068037
0.067236
0.067452
0.067386
0.068187
0.067511
0.067486
0.066981
0.066928
0.067239
0.067983
0.069030
0.068128
0.067663
0.067533
0.067153
0.028893
0.028789
0.029222
0.028884
0.028972
0.028767
0.029960
0.028844
0.029155
0.029180
0.028946
0.029030
0.028780
0.028790
0.029268
0.028918
0.028988
0.029081
0.029049
0.028894
0.028719
0.029819
0.029417
0.029344
0.028886
0.068756
0.067828
0.068014
0.067755
0.067921
0.028881
0.029079
0.029050
0.028990
0.029088
0.029092
0.028828
0.029092
0.029112
0.028972
0.028809
0.028766
0.028981
0.029025
0.028959
0.028766
0.029042
0.028953
0.029246
0.028984
0.028937
0.028996
0.028905
0.029011
0.030022
0.029010
0.029118
