0.010195
0.010234
0.010451
0.010285
0.012549
0.010696
0.009150
0.010199
0.010271
0.009972
0.011017
0.010689
0.010803
0.011214
0.010323
0.010822
0.010846
0.011689
0.010856
0.010347
0.010626
0.010571
0.011021
0.010262
0.010134
0.010665
0.010456
0.010338
0.011401
0.010502
0.010684
0.010200
0.010085
0.011830
0.010492
0.010271
0.010210
0.010002
0.010378
0.010578
0.010140
0.011027
0.010481
0.011388
0.009748
0.010238
0.010259
0.010436
0.009992
0.010435
0.010214
0.010280
0.012224
0.010795
0.009660
0.010102
0.010334
0.010145
0.009944
0.010785
0.010433
0.010255
0.010115
0.010224
0.010223
0.010827
0.010215
0.010776
0.010201
0.010637
0.009678
0.009936
0.028738
0.010319
0.009907
0.009618
0.010620
0.010662
0.010371
0.010426
0.011253
0.010744
0.009961
0.010841
0.010284
0.010602
0.009384
0.010010
0.012050
0.010582
0.010452
0.009854
0.010422
0.010477
0.010380
0.010618
0.011097
0.010870
0.010109
0.009133
0.009816
0.010624
0.010097
0.010452
0.010445
0.009621
0.031369
0.030989
0.031218
0.031227
0.031346
0.031228
0.031256
0.031196
0.031150
0.031310
0.031459
0.031263
0.031400
0.031209
0.031303
0.031966
0.032276
0.031484
0.031511
0.032557
0.031709
0.031631
0.031815
0.031894
0.031864
0.031725
0.031841
0.032436
0.031894
0.031875
0.031917
0.031857
0.031940
0.031723
0.031868
0.031731
0.031858
0.032039
0.031999
0.031870
0.031803
0.031955
0.031868
0.031980
0.031817
0.031687
0.031852
0.031679
0.031839
0.031763
0.031735
0.031754
0.031871
0.031960
0.031682
0.032198
0.031720
0.031589
0.031728
0.031604
0.031734
0.031972
0.031939
0.031926
0.031715
0.031948
0.031756
0.032296
0.032650
0.031798
0.031795
0.031666
0.031981
0.031705
0.031822
0.031715
0.032142
0.031763
0.031760
0.032943
0.031861
0.031924
0.032053
0.031993
0.033892
0.031668
0.031874
0.032652
0.031837
0.032884
0.031730
0.031776
0.031831
0.031800
0.031641
0.031819
0.031698
0.031699
0.031744
0.032654
0.032316
0.032213
0.032123
0.031933
0.031921
0.035980
0.031906
0.032343
0.031955
0.032147
0.031978
0.032037
0.032384
0.031962
0.032373
0.031719
0.031976
0.031794
0.038937
0.031829
0.031900
0.031579
0.031008
0.031043
0.030946
0.031299
0.031517
0.031521
0.031304
0.031163
0.032345
0.033002
0.031064
0.031142
0.031175
0.031242
0.031414
0.031499
0.031519
0.035096
0.031461
0.032029
0.031382
0.032349
0.032455
0.031521
0.031729
0.031100
0.031890
0.031471
0.031917
0.031869
0.031219
0.032637
0.032306
0.031198
0.031512
0.032945
0.031691
0.031101
0.031193
0.031197
0.032487
0.030914
0.032883
0.031245
0.031358
0.031707
0.031139
0.031123
0.031269
0.031130
0.031482
0.031360
0.031268
0.031013
0.030991
0.032052
0.031086
0.031173
0.031877
0.030993
0.031081
0.031530
0.030980
0.031062
0.030916
0.030961
0.031262
0.031991
0.031158
0.031000
0.031264
0.031391
0.030929
0.031163
0.032401
0.033208
0.031098
0.031669
0.031755
0.033004
0.031349
0.031166
0.031242
0.031247
0.031155
0.031437
0.031172
0.031202
0.031181
0.031379
0.031244
0.031258
0.031067
0.031586
0.032087
0.031967
0.031442
0.031837
0.032193
0.032191
0.031835
0.031453
0.031552
0.031077
0.031268
0.031107
0.031261
0.031322
0.031141
0.031165
0.031722
0.031230
0.031716
0.032175
0.032050
0.032177
0.031283
0.031441
0.031239
0.031042
0.031136
0.031054
0.031444
0.030977
0.031279
0.031343
0.031341
0.031350
0.032452
0.031438
0.031031
0.031073
0.031670
0.031607
0.032201
0.032602
0.031441
0.031636
0.031490
0.030993
0.031257
0.032683
0.032411
0.031525
0.032000
0.032210
0.031759
0.032462
0.031564
0.031628
0.031066
0.031546
0.032069
0.031010
0.031251
0.031922
0.031200
0.031355
0.031039
0.031323
0.031165
0.030801
0.031260
0.031109
0.031130
0.031250
0.031045
0.031009
0.031419
0.031120
0.031413
0.031397
0.031159
0.031225
0.031844
0.031308
0.031383
0.031385
0.031228
0.030916
0.031449
0.031382
0.031472
0.031185
0.031544
0.031674
0.032789
0.030852
0.031243
0.032008
0.031034
0.031318
0.030387
0.031320
0.031694
0.031267
0.031233
0.031355
0.031327
0.032143
0.031286
0.031542
0.031913
0.031030
0.031412
0.032487
0.030822
0.031581
0.031040
0.034103
0.031916
0.030615
0.031296
0.031467
0.031745
0.032479
0.031629
0.030475
0.030860
0.030980
0.030945
0.030600
0.030904
0.007669
0.007721
0.007723
0.007583
0.007910
0.007764
0.007743
0.008525
0.007914
0.007852
0.007882
0.008035
0.008002
0.007878
0.007899
0.007926
0.007716
0.008183
0.007896
0.008103
0.007688
0.007823
0.007792
0.007843
0.007904
0.007936
0.007749
0.007816
0.007644
0.007795
0.007770
0.007895
0.007877
0.007968
0.008543
0.007781
0.007860
0.007715
0.007891
0.009849
0.007770
0.007763
0.007765
0.007743
0.007709
0.007795
0.007802
0.007752
0.007780
0.007773
0.007786
0.007700
0.007881
0.007773
0.007599
0.007751
0.007799
0.007718
0.007715
0.007930
0.007804
0.007750
0.007702
0.007772
0.007761
0.007742
0.007787
0.007816
0.007790
0.008077
0.007752
0.007764
0.007751
0.007619
0.007743
0.007800
0.007738
0.008355
0.007695
0.007784
0.007823
0.007714
0.007770
0.007808
0.007756
0.007729
0.007828
0.007750
0.007646
0.007769
0.007793
0.007750
0.007745
0.007745
0.007742
0.007805
0.007761
0.007843
0.007825
0.007805
0.007762
0.007884
0.007780
0.007856
0.007765
0.007660
0.007815
0.007819
0.007621
0.007814
0.007704
0.007872
0.007897
0.007678
0.007798
0.007791
0.007662
0.007816
0.007836
0.007656
0.007808
0.007665
0.007630
0.007660
0.007871
0.007821
0.007846
0.007736
0.007756
0.007840
0.007816
0.007794
0.007731
0.007751
0.007666
0.007751
0.007823
0.007718
0.007738
0.007793
0.007850
0.007887
0.007803
0.007819
0.007803
0.007635
0.007929
0.007727
0.007762
0.007879
0.007650
0.007747
0.007822
0.007721
0.007806
0.007824
0.007865
0.008139
0.007816
0.007862
0.007741
0.007809
0.007652
0.007751
0.007752
0.007743
0.007716
0.007774
0.007818
0.007831
0.007768
0.007770
0.007748
0.008120
0.007890
0.007908
0.007800
0.007850
0.007738
0.007578
0.007738
0.007828
0.007846
0.008030
0.008103
0.007908
0.007815
0.007882
0.007986
0.007957
0.008261
0.008055
0.008122
0.008167
0.008312
0.008150
0.008051
0.008076
0.008065
0.008107
0.008153
0.008105
0.008058
0.008113
0.008120
0.008116
0.008183
0.008308
0.008103
0.008171
0.008127
0.008199
0.008182
0.008139
0.008098
0.008113
0.008157
0.008289
0.008093
0.008119
0.008202
0.008092
0.007761
0.007693
0.007838
0.007875
0.007850
0.007825
0.007971
0.007868
0.007764
0.007731
0.007902
0.007903
0.007849
0.007798
0.008069
0.007889
0.008001
0.007828
0.008032
0.008183
0.007826
0.007999
0.007998
0.007865
0.007914
0.007897
0.007736
0.008212
0.007911
0.009789
0.007822
0.008630
0.007714
0.007751
0.007832
0.007802
0.007762
0.007794
0.007858
0.007882
0.007823
0.007782
0.007955
0.007885
0.007979
0.007978
0.007796
0.009416
0.010224
0.007789
0.008250
0.007975
0.007948
0.007888
0.007930
0.007883
0.007813
0.007950
0.007756
0.007925
0.007778
0.007769
0.007770
0.007832
0.008056
0.007925
0.007880
0.007782
0.007939
0.007896
0.007812
0.007864
0.007882
0.011221
0.008312
0.007879
0.007771
0.008317
0.007747
0.007773
0.009600
0.007790
0.007798
0.008038
0.008648
0.007779
0.007810
0.007799
0.007790
0.007830
0.008284
0.008108
0.007818
0.007884
0.007917
0.007720
0.007775
0.007910
0.007786
0.007939
0.007850
0.007777
0.007828
0.007918
0.007713
0.007810
0.007783
0.009056
0.008077
0.008161
0.007906
0.007816
0.007818
0.007837
0.007888
0.007784
0.007681
0.007790
0.007762
0.007911
0.007796
0.007778
0.007736
0.007676
0.007935
0.007810
0.007722
0.007814
0.007778
0.007890
0.007766
0.007800
0.008488
0.008834
0.007762
0.007698
0.007934
0.007835
0.007792
0.007784
0.007763
0.007748
0.007804
0.007795
0.007881
0.007821
0.007749
0.007614
0.009922
0.007865
0.007697
0.007890
0.008026
0.007923
0.007934
0.007894
0.007922
0.007964
0.007858
0.007845
0.007890
0.008064
0.007607
0.007706
0.007826
0.012733
0.010256
0.011556
0.010669
0.009887
0.010211
0.010793
0.010551
0.009628
0.010639
0.010011
0.009910
0.009656
0.009598
0.009516
0.009517
0.009586
