0.180084
0.183244
0.181006
0.185467
0.186162
0.183902
0.183603
0.182470
0.180416
0.182704
0.179676
0.185267
0.184082
0.183421
0.183195
0.187602
0.188842
0.185422
0.189171
0.189373
0.186832
0.187011
0.187755
0.186524
0.187255
0.186689
0.192230
0.192568
0.184976
0.186615
0.193042
0.188614
0.189388
0.190340
0.187264
0.189060
0.189264
0.188715
0.190699
0.188468
0.188453
0.188814
0.191151
0.191584
0.189401
0.185327
0.190279
0.188782
0.184850
0.188429
0.190112
0.186933
0.190330
0.188687
0.186875
0.186559
0.189337
0.191278
0.187521
0.185479
0.190318
0.190735
0.190484
0.188502
0.192860
0.189830
0.184964
0.187809
0.185814
0.188626
0.187571
0.191257
0.187897
0.185569
0.188466
0.184437
0.191584
0.185982
0.188982
0.189076
0.190103
0.188473
0.185262
0.187449
0.187577
0.186520
0.189600
0.188900
0.187911
0.189084
0.186510
0.186220
0.189811
0.188645
0.188096
0.189422
0.188110
0.188910
0.190889
0.189970
