0.466971
0.479114
0.481437
0.477741
0.534572
0.501781
0.480359
0.479270
0.485971
0.489782
0.493111
0.492693
0.489254
0.492251
0.487604
0.487196
0.484591
0.489368
0.486968
0.489090
0.516648
0.486624
0.498893
0.501510
0.495173
0.492359
0.493323
0.484434
0.520784
0.489363
0.513336
0.495179
0.527836
0.485464
0.482423
0.497003
0.492372
0.526867
0.509223
0.530604
0.615902
0.538321
0.558522
0.526278
0.545801
0.586603
0.523908
0.503983
0.505122
0.499914
0.492410
0.494383
0.486329
0.497083
0.494075
0.496593
0.491080
0.491807
0.496490
0.495064
0.495801
0.487826
0.494653
0.494860
0.499636
0.494897
0.496857
0.495096
0.491158
0.495178
0.497320
0.497819
0.502641
0.494042
0.496347
0.490429
0.489441
0.497262
0.486925
0.564247
0.502022
0.496723
0.499754
0.502420
0.504945
0.503573
0.492539
0.501630
0.501268
0.494510
0.517277
0.495469
0.496179
0.504754
0.498632
0.500169
0.503025
0.499147
0.509823
0.493755
